From Peter:
R =    409456800000.000     
 L =   4.737424999999999E+034
  
 Ratm =    16612759924.1228     
 Tatm =    31835.5253152074     
 Patm =    200793957.920243     
  
 RN =    409661528400.000     
  
 RatR =    16614815555.7766     
 TatR =    31808.8371083281     
 PatR =    200383700.696987     
  
 xLN =   4.739793712499999E+034
  
 RatL =    16617718605.4198     
 TatL =    31844.7077845824     
 PatL =    200801275.161762     


From Helena:
